200
0 2
0 6
0 7
0 8
0 11
0 12
0 13
0 14
0 16
0 17
0 18
0 22
0 26
0 27
0 28
0 31
0 35
0 36
0 42
0 44
0 46
0 47
0 48
0 53
0 54
0 63
0 64
0 65
0 68
0 69
0 70
0 72
0 73
0 75
0 76
0 78
0 80
0 81
0 82
0 83
0 88
0 91
0 99
0 101
0 102
0 103
0 105
0 107
0 110
0 117
0 119
0 122
0 123
0 125
0 126
0 127
0 128
0 129
0 130
0 135
0 138
0 139
0 141
0 142
0 147
0 149
0 150
0 152
0 153
0 154
0 155
0 158
0 162
0 163
0 164
0 166
0 170
0 171
0 172
0 173
0 176
0 178
0 179
0 180
0 183
0 184
0 185
0 186
0 187
0 188
0 189
0 190
0 194
0 195
0 198
1 3
1 4
1 9
1 11
1 12
1 14
1 17
1 19
1 20
1 21
1 22
1 23
1 26
1 29
1 30
1 32
1 35
1 38
1 39
1 43
1 45
1 47
1 48
1 50
1 52
1 53
1 54
1 61
1 63
1 64
1 66
1 67
1 68
1 69
1 70
1 74
1 77
1 79
1 80
1 81
1 83
1 90
1 91
1 92
1 93
1 98
1 99
1 100
1 104
1 106
1 107
1 110
1 111
1 112
1 116
1 118
1 122
1 123
1 125
1 126
1 127
1 128
1 134
1 136
1 137
1 140
1 147
1 149
1 153
1 158
1 160
1 161
1 162
1 164
1 166
1 167
1 170
1 172
1 175
1 176
1 177
1 181
1 183
1 184
1 185
1 186
1 188
1 190
1 191
1 192
1 193
1 195
1 197
1 198
2 5
2 6
2 8
2 9
2 12
2 13
2 14
2 15
2 17
2 18
2 19
2 20
2 23
2 29
2 30
2 32
2 33
2 34
2 37
2 39
2 40
2 43
2 45
2 47
2 48
2 49
2 50
2 51
2 55
2 57
2 58
2 60
2 62
2 63
2 64
2 66
2 67
2 69
2 70
2 73
2 74
2 76
2 79
2 82
2 83
2 87
2 88
2 90
2 91
2 93
2 101
2 102
2 104
2 106
2 108
2 111
2 113
2 115
2 117
2 118
2 120
2 121
2 122
2 123
2 124
2 125
2 127
2 129
2 130
2 131
2 134
2 137
2 139
2 140
2 141
2 142
2 144
2 146
2 150
2 152
2 154
2 156
2 159
2 160
2 161
2 162
2 163
2 166
2 167
2 168
2 169
2 170
2 171
2 173
2 174
2 177
2 178
2 188
2 189
2 193
2 197
2 198
3 6
3 9
3 10
3 12
3 13
3 14
3 18
3 20
3 25
3 26
3 27
3 29
3 30
3 31
3 32
3 33
3 35
3 38
3 40
3 43
3 44
3 48
3 49
3 50
3 56
3 60
3 62
3 63
3 64
3 65
3 66
3 69
3 70
3 72
3 73
3 74
3 75
3 76
3 81
3 83
3 84
3 85
3 87
3 89
3 90
3 93
3 95
3 96
3 100
3 102
3 105
3 109
3 110
3 111
3 113
3 116
3 117
3 119
3 122
3 123
3 124
3 125
3 127
3 128
3 129
3 130
3 131
3 132
3 133
3 135
3 136
3 139
3 140
3 141
3 143
3 147
3 148
3 150
3 151
3 155
3 157
3 158
3 161
3 163
3 164
3 166
3 167
3 171
3 172
3 173
3 175
3 178
3 179
3 183
3 185
3 190
3 197
3 198
3 199
4 5
4 6
4 10
4 11
4 12
4 13
4 14
4 15
4 16
4 17
4 18
4 19
4 20
4 21
4 22
4 23
4 27
4 31
4 34
4 35
4 39
4 41
4 43
4 44
4 46
4 48
4 49
4 52
4 53
4 59
4 62
4 63
4 64
4 66
4 67
4 68
4 69
4 71
4 74
4 76
4 77
4 81
4 82
4 84
4 86
4 87
4 88
4 89
4 91
4 92
4 95
4 96
4 97
4 99
4 102
4 104
4 105
4 106
4 108
4 110
4 111
4 114
4 115
4 116
4 117
4 120
4 122
4 123
4 124
4 126
4 129
4 133
4 135
4 136
4 137
4 138
4 140
4 141
4 142
4 143
4 144
4 146
4 148
4 149
4 152
4 156
4 157
4 162
4 165
4 168
4 169
4 170
4 171
4 174
4 175
4 177
4 179
4 180
4 183
4 184
4 186
4 188
4 189
4 191
4 192
4 193
4 194
4 195
4 196
4 197
4 198
4 199
5 6
5 9
5 10
5 12
5 18
5 21
5 22
5 24
5 26
5 27
5 31
5 33
5 34
5 35
5 38
5 40
5 41
5 42
5 44
5 45
5 47
5 48
5 49
5 50
5 51
5 52
5 56
5 58
5 59
5 63
5 65
5 66
5 67
5 68
5 69
5 71
5 72
5 78
5 80
5 82
5 83
5 87
5 88
5 91
5 93
5 95
5 96
5 100
5 101
5 103
5 104
5 110
5 114
5 115
5 117
5 119
5 121
5 122
5 123
5 124
5 127
5 128
5 129
5 130
5 136
5 139
5 141
5 142
5 143
5 145
5 152
5 153
5 157
5 160
5 161
5 163
5 165
5 168
5 172
5 175
5 178
5 181
5 184
5 188
5 193
5 197
6 9
6 18
6 20
6 21
6 22
6 26
6 28
6 30
6 32
6 33
6 35
6 41
6 43
6 47
6 50
6 53
6 54
6 60
6 63
6 68
6 70
6 71
6 72
6 73
6 76
6 78
6 79
6 81
6 85
6 90
6 92
6 93
6 96
6 99
6 100
6 101
6 102
6 104
6 107
6 110
6 112
6 116
6 117
6 118
6 120
6 123
6 128
6 131
6 132
6 134
6 137
6 138
6 142
6 145
6 146
6 148
6 157
6 161
6 162
6 163
6 165
6 167
6 168
6 169
6 172
6 173
6 174
6 178
6 181
6 185
6 186
6 188
6 191
6 192
6 194
6 195
6 196
7 9
7 10
7 14
7 15
7 16
7 18
7 20
7 23
7 24
7 26
7 27
7 28
7 31
7 34
7 35
7 36
7 38
7 40
7 41
7 42
7 43
7 47
7 48
7 50
7 51
7 52
7 54
7 58
7 59
7 60
7 61
7 62
7 64
7 66
7 67
7 68
7 70
7 71
7 73
7 74
7 76
7 78
7 79
7 80
7 82
7 83
7 88
7 90
7 93
7 96
7 97
7 100
7 101
7 102
7 104
7 105
7 109
7 111
7 113
7 114
7 115
7 116
7 118
7 119
7 126
7 127
7 128
7 131
7 132
7 133
7 135
7 136
7 137
7 141
7 142
7 145
7 147
7 149
7 150
7 152
7 153
7 156
7 157
7 160
7 161
7 163
7 164
7 165
7 167
7 169
7 171
7 173
7 176
7 177
7 179
7 184
7 186
7 191
7 192
7 194
7 195
8 10
8 11
8 12
8 13
8 17
8 22
8 24
8 25
8 26
8 27
8 29
8 31
8 34
8 35
8 39
8 40
8 41
8 43
8 45
8 46
8 47
8 50
8 51
8 52
8 53
8 55
8 56
8 57
8 59
8 61
8 62
8 63
8 65
8 69
8 71
8 72
8 77
8 78
8 81
8 86
8 93
8 94
8 96
8 97
8 98
8 99
8 101
8 107
8 111
8 112
8 116
8 118
8 119
8 120
8 127
8 130
8 133
8 134
8 136
8 137
8 140
8 141
8 143
8 144
8 145
8 148
8 149
8 150
8 151
8 153
8 155
8 157
8 159
8 161
8 163
8 164
8 165
8 168
8 169
8 170
8 175
8 176
8 177
8 181
8 183
8 185
8 187
8 190
8 193
8 194
8 196
29 88
39 98
89 127
