1 3
1 7
1 8
1 9
1 12
1 13
1 14
1 15
1 17
1 18
1 19
1 23
1 27
1 28
1 29
1 32
1 36
1 37
1 43
1 45
1 47
1 48
1 49
1 54
1 55
1 64
1 65
1 66
1 69
1 70
1 71
1 73
1 74
1 76
1 77
1 79
1 81
1 82
1 83
1 84
1 89
1 92
1 100
1 102
1 103
1 104
1 106
1 108
1 111
1 118
1 120
1 123
1 124
1 126
1 127
1 128
1 129
1 130
1 131
1 136
1 139
1 140
1 142
1 143
1 148
1 150
1 151
1 153
1 154
1 155
1 156
1 159
1 163
1 164
1 165
1 167
1 171
1 172
1 173
1 174
1 177
1 179
1 180
1 181
1 184
1 185
1 186
1 187
1 188
1 189
1 190
1 191
1 195
1 196
1 199
2 4
2 5
2 10
2 12
2 13
2 15
2 18
2 20
2 21
2 22
2 23
2 24
2 27
2 30
2 31
2 33
2 36
2 39
2 40
2 44
2 46
2 48
2 49
2 51
2 53
2 54
2 55
2 62
2 64
2 65
2 67
2 68
2 69
2 70
2 71
2 75
2 78
2 80
2 81
2 82
2 84
2 91
2 92
2 93
2 94
2 99
2 100
2 101
2 105
2 107
2 108
2 111
2 112
2 113
2 117
2 119
2 123
2 124
2 126
2 127
2 128
2 129
2 135
2 137
2 138
2 141
2 148
2 150
2 154
2 159
2 161
2 162
2 163
2 165
2 167
2 168
2 171
2 173
2 176
2 177
2 178
2 182
2 184
2 185
2 186
2 187
2 189
2 191
2 192
2 193
2 194
2 196
2 198
2 199
3 6
3 7
3 9
3 10
3 13
3 14
3 15
3 16
3 18
3 19
3 20
3 21
3 24
3 30
3 31
3 33
3 34
3 35
3 38
3 40
3 41
3 44
3 46
3 48
3 49
3 50
3 51
3 52
3 56
3 58
3 59
3 61
3 63
3 64
3 65
3 67
3 68
3 70
3 71
3 74
3 75
3 77
3 80
3 83
3 84
3 88
3 89
3 91
3 92
3 94
3 102
3 103
3 105
3 107
3 109
3 112
3 114
3 116
3 118
3 119
3 121
3 122
3 123
3 124
3 125
3 126
3 128
3 130
3 131
3 132
3 135
3 138
3 140
3 141
3 142
3 143
3 145
3 147
3 151
3 153
3 155
3 157
3 160
3 161
3 162
3 163
3 164
3 167
3 168
3 169
3 170
3 171
3 172
3 174
3 175
3 178
3 179
3 189
3 190
3 194
3 198
3 199
4 7
4 10
4 11
4 13
4 14
4 15
4 19
4 21
4 26
4 27
4 28
4 30
4 31
4 32
4 33
4 34
4 36
4 39
4 41
4 44
4 45
4 49
4 50
4 51
4 57
4 61
4 63
4 64
4 65
4 66
4 67
4 70
4 71
4 73
4 74
4 75
4 76
4 77
4 82
4 84
4 85
4 86
4 88
4 90
4 91
4 94
4 96
4 97
4 101
4 103
4 106
4 110
4 111
4 112
4 114
4 117
4 118
4 120
4 123
4 124
4 125
4 126
4 128
4 129
4 130
4 131
4 132
4 133
4 134
4 136
4 137
4 140
4 141
4 142
4 144
4 148
4 149
4 151
4 152
4 156
4 158
4 159
4 162
4 164
4 165
4 167
4 168
4 172
4 173
4 174
4 176
4 179
4 180
4 184
4 186
4 191
4 198
4 199
4 200
5 6
5 7
5 11
5 12
5 13
5 14
5 15
5 16
5 17
5 18
5 19
5 20
5 21
5 22
5 23
5 24
5 28
5 32
5 35
5 36
5 40
5 42
5 44
5 45
5 47
5 49
5 50
5 53
5 54
5 60
5 63
5 64
5 65
5 67
5 68
5 69
5 70
5 72
5 75
5 77
5 78
5 82
5 83
5 85
5 87
5 88
5 89
5 90
5 92
5 93
5 96
5 97
5 98
5 100
5 103
5 105
5 106
5 107
5 109
5 111
5 112
5 115
5 116
5 117
5 118
5 121
5 123
5 124
5 125
5 127
5 130
5 134
5 136
5 137
5 138
5 139
5 141
5 142
5 143
5 144
5 145
5 147
5 149
5 150
5 153
5 157
5 158
5 163
5 166
5 169
5 170
5 171
5 172
5 175
5 176
5 178
5 180
5 181
5 184
5 185
5 187
5 189
5 190
5 192
5 193
5 194
5 195
5 196
5 197
5 198
5 199
5 200
6 7
6 10
6 11
6 13
6 19
6 22
6 23
6 25
6 27
6 28
6 32
6 34
6 35
6 36
6 39
6 41
6 42
6 43
6 45
6 46
6 48
6 49
6 50
6 51
6 52
6 53
6 57
6 59
6 60
6 64
6 66
6 67
6 68
6 69
6 70
6 72
6 73
6 79
6 81
6 83
6 84
6 88
6 89
6 92
6 94
6 96
6 97
6 101
6 102
6 104
6 105
6 111
6 115
6 116
6 118
6 120
6 122
6 123
6 124
6 125
6 128
6 129
6 130
6 131
6 137
6 140
6 142
6 143
6 144
6 146
6 153
6 154
6 158
6 161
6 162
6 164
6 166
6 169
6 173
6 176
6 179
6 182
6 185
6 189
6 194
6 198
7 10
7 19
7 21
7 22
7 23
7 27
7 29
7 31
7 33
7 34
7 36
7 42
7 44
7 48
7 51
7 54
7 55
7 61
7 64
7 69
7 71
7 72
7 73
7 74
7 77
7 79
7 80
7 82
7 86
7 91
7 93
7 94
7 97
7 100
7 101
7 102
7 103
7 105
7 108
7 111
7 113
7 117
7 118
7 119
7 121
7 124
7 129
7 132
7 133
7 135
7 138
7 139
7 143
7 146
7 147
7 149
7 158
7 162
7 163
7 164
7 166
7 168
7 169
7 170
7 173
7 174
7 175
7 179
7 182
7 186
7 187
7 189
7 192
7 193
7 195
7 196
7 197
8 10
8 11
8 15
8 16
8 17
8 19
8 21
8 24
8 25
8 27
8 28
8 29
8 32
8 35
8 36
8 37
8 39
8 41
8 42
8 43
8 44
8 48
8 49
8 51
8 52
8 53
8 55
8 59
8 60
8 61
8 62
8 63
8 65
8 67
8 68
8 69
8 71
8 72
8 74
8 75
8 77
8 79
8 80
8 81
8 83
8 84
8 89
8 91
8 94
8 97
8 98
8 101
8 102
8 103
8 105
8 106
8 110
8 112
8 114
8 115
8 116
8 117
8 119
8 120
8 127
8 128
8 129
8 132
8 133
8 134
8 136
8 137
8 138
8 142
8 143
8 146
8 148
8 150
8 151
8 153
8 154
8 157
8 158
8 161
8 162
8 164
8 165
8 166
8 168
8 170
8 172
8 174
8 177
8 178
8 180
8 185
8 187
8 192
8 193
8 195
8 196
9 11
9 12
9 13
9 14
9 18
9 23
9 25
9 26
9 27
9 28
9 30
9 32
9 35
9 36
9 40
9 41
9 42
9 44
9 46
9 47
9 48
9 51
9 52
9 53
9 54
9 56
9 57
9 58
9 60
9 62
9 63
9 64
9 66
9 70
9 72
9 73
9 78
9 79
9 82
9 87
9 94
9 95
9 97
9 98
9 99
9 100
9 102
9 108
9 112
9 113
9 117
9 119
9 120
9 121
9 128
9 131
9 134
9 135
9 137
9 138
9 141
9 142
9 144
9 145
9 146
9 149
9 150
9 151
9 152
9 154
9 156
9 158
9 160
9 162
9 164
9 165
9 166
9 169
9 170
9 171
9 176
9 177
9 178
9 182
9 184
9 186
9 188
9 191
9 194
9 195
9 197
30 89
40 99
90 128