200
0 2
0 4
0 5
0 6
0 7
0 8
0 9
0 11
0 12
0 13
0 16
0 17
0 18
0 19
0 20
0 21
0 22
0 25
0 27
0 28
0 29
0 30
0 31
0 32
0 35
0 40
0 41
0 42
0 44
0 45
0 46
0 48
0 49
0 50
0 51
0 52
0 53
0 57
0 59
0 61
0 63
0 64
0 67
0 68
0 75
0 81
0 82
0 83
0 84
0 85
0 90
0 93
0 94
0 96
0 97
0 98
0 101
0 105
0 106
0 109
0 112
0 115
0 117
0 119
0 120
0 122
0 123
0 126
0 130
0 132
0 133
0 134
0 135
0 137
0 138
0 148
0 149
0 150
0 154
0 155
0 156
0 157
0 159
0 160
0 161
0 162
0 167
0 171
0 173
0 177
0 179
0 183
0 184
0 185
0 186
0 187
0 189
0 191
0 192
0 193
0 196
0 197
0 199
1 2
1 3
1 5
1 6
1 7
1 8
1 9
1 13
1 17
1 18
1 23
1 24
1 25
1 27
1 28
1 29
1 32
1 33
1 36
1 40
1 43
1 44
1 47
1 51
1 52
1 53
1 55
1 56
1 57
1 60
1 66
1 68
1 70
1 73
1 75
1 77
1 81
1 83
1 86
1 87
1 89
1 90
1 91
1 92
1 93
1 95
1 96
1 97
1 99
1 101
1 102
1 106
1 107
1 108
1 109
1 114
1 115
1 117
1 119
1 120
1 127
1 129
1 131
1 135
1 136
1 137
1 138
1 140
1 146
1 147
1 148
1 149
1 156
1 158
1 161
1 163
1 164
1 165
1 167
1 168
1 170
1 173
1 175
1 176
1 178
1 179
1 182
1 184
1 185
1 187
1 188
1 195
1 196
1 198
1 199
2 3
2 6
2 9
2 13
2 18
2 19
2 20
2 21
2 22
2 25
2 28
2 29
2 30
2 32
2 35
2 38
2 39
2 41
2 45
2 49
2 50
2 57
2 58
2 64
2 66
2 68
2 69
2 71
2 73
2 74
2 75
2 76
2 79
2 80
2 81
2 82
2 84
2 86
2 87
2 90
2 93
2 96
2 98
2 100
2 102
2 105
2 106
2 107
2 108
2 110
2 112
2 115
2 119
2 130
2 132
2 133
2 134
2 135
2 137
2 138
2 141
2 142
2 144
2 145
2 146
2 150
2 153
2 158
2 159
2 163
2 164
2 167
2 169
2 170
2 171
2 173
2 174
2 179
2 181
2 186
2 187
2 188
2 189
2 190
2 191
2 192
2 195
2 197
2 198
3 4
3 6
3 9
3 11
3 12
3 13
3 15
3 16
3 19
3 21
3 25
3 26
3 27
3 28
3 29
3 30
3 32
3 33
3 34
3 35
3 36
3 38
3 43
3 45
3 47
3 48
3 52
3 53
3 54
3 58
3 59
3 60
3 61
3 64
3 65
3 69
3 73
3 74
3 79
3 82
3 87
3 88
3 95
3 96
3 98
3 100
3 101
3 103
3 105
3 107
3 108
3 109
3 111
3 112
3 113
3 115
3 116
3 119
3 122
3 126
3 127
3 128
3 129
3 130
3 131
3 132
3 134
3 135
3 138
3 141
3 142
3 146
3 147
3 148
3 152
3 156
3 160
3 163
3 166
3 167
3 168
3 171
3 176
3 177
3 178
3 179
3 182
3 185
3 188
3 190
3 192
3 194
3 195
3 196
3 198
3 199
4 6
4 7
4 8
4 9
4 10
4 12
4 18
4 20
4 21
4 22
4 24
4 25
4 26
4 27
4 29
4 31
4 34
4 35
4 36
4 37
4 38
4 40
4 41
4 43
4 44
4 46
4 49
4 51
4 54
4 59
4 61
4 64
4 65
4 66
4 69
4 71
4 72
4 75
4 76
4 79
4 83
4 84
4 85
4 89
4 90
4 91
4 93
4 102
4 103
4 104
4 105
4 107
4 109
4 110
4 117
4 119
4 120
4 121
4 122
4 124
4 127
4 129
4 131
4 132
4 133
4 134
4 137
4 141
4 146
4 147
4 152
4 154
4 157
4 160
4 163
4 164
4 172
4 175
4 176
4 177
4 179
4 184
4 185
4 186
4 187
4 192
4 195
4 198
4 199
5 7
5 11
5 13
5 14
5 20
5 23
5 24
5 27
5 28
5 33
5 35
5 36
5 38
5 42
5 46
5 47
5 48
5 49
5 52
5 53
5 54
5 55
5 59
5 61
5 63
5 64
5 65
5 68
5 69
5 71
5 72
5 79
5 81
5 83
5 87
5 89
5 90
5 93
5 94
5 97
5 99
5 100
5 101
5 102
5 105
5 108
5 111
5 113
5 115
5 118
5 119
5 120
5 122
5 123
5 125
5 129
5 134
5 135
5 136
5 140
5 146
5 148
5 154
5 155
5 157
5 158
5 159
5 161
5 169
5 170
5 171
5 172
5 173
5 176
5 177
5 179
5 183
5 184
5 188
5 191
5 195
5 196
5 197
5 198
6 10
6 11
6 12
6 16
6 19
6 22
6 24
6 25
6 27
6 28
6 30
6 31
6 39
6 40
6 41
6 42
6 45
6 46
6 47
6 48
6 50
6 53
6 54
6 56
6 60
6 61
6 63
6 64
6 67
6 69
6 70
6 73
6 78
6 80
6 82
6 83
6 84
6 85
6 86
6 88
6 90
6 91
6 94
6 95
6 96
6 98
6 99
6 100
6 101
6 103
6 105
6 106
6 107
6 109
6 110
6 111
6 113
6 115
6 116
6 121
6 122
6 123
6 127
6 133
6 138
6 139
6 140
6 141
6 143
6 144
6 145
6 146
6 149
6 152
6 154
6 156
6 157
6 159
6 160
6 161
6 163
6 164
6 167
6 172
6 173
6 175
6 176
6 178
6 182
6 183
6 184
6 185
6 186
6 187
6 188
6 189
6 190
6 193
6 194
6 195
6 196
6 198
6 199
7 11
7 14
7 15
7 16
7 18
7 19
7 22
7 24
7 25
7 26
7 29
7 32
7 37
7 38
7 41
7 43
7 45
7 46
7 47
7 50
7 51
7 53
7 54
7 57
7 58
7 60
7 61
7 67
7 68
7 73
7 74
7 77
7 79
7 81
7 82
7 83
7 85
7 86
7 89
7 91
7 95
7 97
7 98
7 99
7 100
7 102
7 103
7 104
7 105
7 107
7 109
7 110
7 112
7 113
7 116
7 119
7 120
7 121
7 122
7 126
7 127
7 131
7 132
7 134
7 135
7 141
7 142
7 143
7 145
7 146
7 148
7 149
7 150
7 151
7 152
7 153
7 155
7 157
7 158
7 159
7 161
7 164
7 165
7 166
7 169
7 172
7 174
7 177
7 179
7 180
7 182
7 183
7 184
7 185
7 187
7 191
7 194
7 196
7 197
7 198
7 199
8 9
8 10
8 11
8 15
8 16
8 17
8 18
8 19
8 21
8 23
8 24
8 26
8 29
8 31
8 32
8 35
8 37
8 38
8 42
8 45
8 46
8 48
8 49
8 50
8 51
8 52
8 55
8 56
8 57
8 58
8 62
8 64
8 66
8 67
8 70
8 76
8 78
8 80
8 81
8 89
8 93
8 94
8 95
8 98
8 99
8 100
8 101
8 107
8 109
8 116
8 117
8 118
8 120
8 123
8 124
8 125
8 126
8 132
8 133
8 134
8 135
8 136
8 137
8 139
8 140
8 143
8 144
8 146
8 147
8 152
8 154
8 155
8 156
8 157
8 162
8 163
8 166
8 167
8 169
8 172
8 175
8 178
8 180
8 181
8 183
8 186
8 187
8 191
8 192
8 194
8 196
8 197
8 198
9 13
9 15
9 16
9 17
9 19
9 23
9 27
9 30
9 31
9 32
9 33
9 34
9 38
9 45
9 46
9 48
9 49
9 50
9 51
9 52
9 54
9 56
9 57
9 61
9 62
9 64
9 68
9 70
9 71
9 72
9 73
9 74
9 76
9 78
9 79
9 80
9 82
9 83
9 84
9 85
9 88
9 89
9 91
9 94
9 95
9 98
9 100
9 102
9 104
9 106
9 107
9 110
9 113
9 115
9 117
9 119
9 121
9 123
9 125
9 127
9 130
9 131
9 132
9 133
9 134
9 135
9 137
9 142
9 144
9 145
9 149
9 150
9 151
9 152
9 153
9 155
9 158
9 159
9 161
9 162
9 166
9 169
9 170
9 172
9 174
9 180
9 181
9 182
9 186
9 187
9 188
9 191
9 192
9 193
9 194
9 195
9 197
10 15
10 23
10 24
10 30
10 35
10 36
10 37
10 38
10 40
10 41
10 43
10 45
10 46
10 47
10 48
10 49
10 52
10 53
10 58
10 59
10 60
10 61
10 63
10 68
10 69
10 72
10 74
10 76
10 77
10 79
10 80
10 81
10 82
10 83
10 84
10 85
10 86
10 87
10 89
10 90
10 96
10 98
10 99
10 100
10 101
10 103
10 104
10 105
10 106
10 108
10 109
10 111
10 112
10 113
10 116
10 120
10 122
10 123
10 124
10 129
10 133
10 134
10 136
10 137
10 138
10 139
10 140
10 141
10 144
10 148
10 150
10 151
10 152
10 153
10 154
10 155
10 156
10 159
10 163
10 164
10 168
10 169
10 172
10 174
10 175
10 180
10 181
10 182
10 184
10 187
10 189
10 190
10 193
10 194
10 195
10 198
11 13
11 14
11 15
11 18
11 19
11 20
11 21
11 27
11 28
11 31
11 33
11 34
11 38
11 39
11 40
11 41
11 43
11 44
11 45
11 48
11 50
11 52
11 54
11 55
11 56
11 57
11 59
11 60
11 62
11 63
11 66
11 69
11 70
11 71
11 72
11 73
11 74
11 75
11 76
11 81
11 82
11 84
11 85
11 88
11 90
11 91
11 92
11 94
11 97
11 98
11 99
11 100
11 103
11 107
11 108
11 110
11 111
11 112
11 114
11 118
11 119
11 124
11 125
11 126
11 127
11 129
11 134
11 136
11 137
11 141
11 144
11 145
11 147
11 150
11 151
11 152
11 153
11 154
11 155
11 156
11 160
11 161
11 164
11 165
11 167
11 171
11 172
11 175
11 177
11 180
11 183
11 185
11 186
11 189
11 191
11 192
11 194
11 196
11 198
11 199
12 13
12 14
12 15
12 16
12 20
12 21
12 23
12 25
12 26
12 27
12 28
12 29
12 31
12 32
12 35
12 36
12 37
12 39
12 41
12 42
12 46
12 47
12 52
12 53
12 55
12 57
12 61
12 62
12 65
12 68
12 69
12 71
12 73
12 74
12 77
12 82
12 84
12 85
12 86
12 87
12 88
12 94
12 96
12 98
12 99
12 100
12 101
12 104
12 106
12 108
12 109
12 110
12 112
12 114
12 116
12 118
12 120
12 121
12 122
12 123
12 126
12 128
12 129
12 130
12 131
12 132
12 134
12 139
12 141
12 142
12 144
12 147
12 149
12 152
12 153
12 154
12 155
12 156
12 158
12 159
12 160
12 165
12 169
12 175
12 177
12 181
12 183
12 184
12 187
12 188
12 189
12 190
12 194
12 198
12 199
13 14
13 17
13 18
13 20
13 21
13 22
13 24
13 27
13 30
13 32
13 34
13 37
13 40
13 42
13 43
13 44
13 45
13 51
13 52
13 53
13 57
13 61
13 63
13 66
13 72
13 74
13 75
13 76
13 77
13 82
13 84
13 85
13 89
13 90
13 93
13 94
13 99
13 100
13 101
13 102
13 106
13 108
13 110
13 111
13 113
13 116
13 117
13 118
13 120
13 123
13 126
13 127
13 129
13 132
13 133
13 134
13 137
13 139
13 140
13 141
13 144
13 146
13 147
13 148
13 150
13 151
13 153
13 154
13 155
13 159
13 162
13 164
13 165
13 166
13 168
13 170
13 173
13 176
13 177
13 179
13 185
13 186
13 189
13 190
13 195
13 198
13 199
14 15
14 17
14 20
14 23
14 25
14 26
14 28
14 29
14 30
14 33
14 35
14 45
14 47
14 48
14 49
14 50
14 51
14 54
14 58
14 60
14 61
14 62
14 65
14 66
14 67
14 69
14 73
14 74
14 75
14 76
14 80
14 81
14 82
14 84
14 85
14 86
14 87
14 91
14 94
14 95
14 98
14 99
14 100
14 102
14 103
14 105
14 108
14 113
14 114
14 115
14 116
14 121
14 122
14 123
14 124
14 129
14 134
14 136
14 138
14 139
14 140
14 144
14 145
14 147
14 148
14 149
14 153
14 154
14 156
14 158
14 162
14 164
14 166
14 167
14 168
14 170
14 173
14 174
14 178
14 184
14 185
14 187
14 189
14 190
14 192
14 193
14 195
14 196
14 198
14 199
15 16
15 18
15 20
15 22
15 24
15 25
15 26
15 27
15 30
15 31
15 32
15 34
15 36
15 37
15 39
15 42
15 43
15 45
15 47
15 48
15 51
15 55
15 60
15 61
15 62
15 64
15 67
15 68
15 72
15 78
15 80
15 83
15 85
15 88
15 90
15 96
15 97
15 98
15 99
15 100
15 102
15 103
15 104
15 110
15 111
15 112
15 113
15 115
15 116
15 117
15 118
15 119
15 121
15 123
15 124
15 125
15 126
15 127
15 128
15 129
15 131
15 133
15 140
15 141
15 143
15 145
15 146
15 147
15 149
15 150
15 152
15 153
15 154
15 155
15 160
15 162
15 163
15 164
15 165
15 166
15 167
15 168
15 169
15 170
15 172
15 173
15 178
15 179
15 180
15 181
15 182
15 183
15 184
15 186
15 189
15 192
15 193
15 194
15 197
15 198
16 17
16 18
16 19
16 23
16 28
16 29
16 30
16 31
16 32
16 34
16 35
16 36
16 38
16 40
16 41
16 43
16 44
16 47
16 48
16 49
16 50
16 53
16 56
16 58
16 59
16 60
16 62
16 63
16 66
16 68
16 69
16 70
16 72
16 73
16 77
16 80
16 82
16 85
16 87
16 89
16 92
16 93
16 94
16 96
16 97
16 98
16 101
16 103
16 104
16 105
16 107
16 109
16 110
16 111
16 112
16 114
16 116
16 118
16 119
16 120
16 122
16 123
16 124
16 125
16 129
16 130
16 134
16 136
16 138
16 140
16 141
16 145
16 146
16 147
16 150
16 154
16 158
16 159
16 161
16 162
16 163
16 164
16 166
16 168
16 170
16 174
16 175
16 176
16 178
16 180
16 181
16 182
16 185
16 189
16 191
16 192
16 193
16 195
16 198
16 199
17 19
17 20
17 21
17 23
17 28
17 30
17 31
17 35
17 37
17 39
17 41
17 47
17 48
17 49
17 50
17 53
17 55
17 56
17 57
17 58
17 59
17 60
17 61
17 63
17 65
17 66
17 67
17 71
17 73
17 76
17 77
17 78
17 79
17 80
17 82
17 83
17 84
17 85
17 86
17 89
17 91
17 94
17 95
17 97
17 99
17 100
17 102
17 103
17 105
17 108
17 109
17 110
17 111
17 112
17 114
17 118
17 120
17 121
17 122
17 124
17 125
17 132
17 136
17 137
17 138
17 139
17 142
17 146
17 151
17 154
17 157
17 159
17 168
17 171
17 175
17 176
17 177
17 179
17 183
17 184
17 187
17 188
17 190
17 195
17 196
17 197
17 198
17 199
18 19
18 21
18 22
18 23
18 25
18 27
18 29
18 33
18 35
18 36
18 37
18 40
18 41
18 43
18 44
18 45
18 48
18 49
18 50
18 51
18 56
18 57
18 58
18 59
18 60
18 62
18 63
18 66
18 67
18 68
18 69
18 70
18 71
18 72
18 79
18 80
18 83
18 84
18 85
18 86
18 87
18 88
18 89
18 94
18 96
18 97
18 98
18 101
18 104
18 109
18 110
18 111
18 112
18 113
18 114
18 117
18 118
18 120
18 122
18 123
18 125
18 126
18 127
18 130
18 132
18 135
18 136
18 137
18 143
18 144
18 145
18 146
18 150
18 151
18 153
18 155
18 157
18 158
18 161
18 162
18 163
18 164
18 166
18 167
18 168
18 175
18 179
18 180
18 183
18 186
18 188
18 191
18 193
18 194
18 195
18 196
18 199
19 20
19 23
19 24
19 25
19 27
19 30
19 33
19 34
19 35
19 38
19 39
19 41
19 43
19 46
19 49
19 50
19 51
19 54
19 55
19 60
19 61
19 62
19 63
19 64
19 67
19 68
19 71
19 73
19 75
19 78
19 79
19 82
19 85
19 86
19 87
19 88
19 89
19 91
19 92
19 93
19 94
19 95
19 96
19 98
19 100
19 101
19 107
19 109
19 113
19 114
19 115
19 117
19 119
19 120
19 121
19 123
19 124
19 129
19 130
19 131
19 134
19 136
19 137
19 138
19 139
19 143
19 145
19 146
19 148
19 151
19 152
19 156
19 160
19 161
19 162
19 165
19 167
19 169
19 170
19 171
19 172
19 174
19 175
19 176
19 178
19 181
19 183
19 185
19 186
19 190
19 191
19 192
19 193
19 194
19 195
19 197
19 198
19 199
20 22
20 23
20 24
20 26
20 27
20 28
20 30
20 32
20 33
20 34
20 36
20 37
20 38
20 40
20 41
20 42
20 43
20 44
20 46
20 52
20 56
20 57
20 64
20 65
20 66
20 67
20 68
20 72
20 76
20 78
20 83
20 85
20 86
20 88
20 89
20 90
20 98
20 99
20 103
20 105
20 107
20 108
20 112
20 113
20 114
20 115
20 116
20 117
20 118
20 120
20 121
20 122
20 125
20 126
20 127
20 131
20 133
20 134
20 137
20 138
20 141
20 142
20 147
20 150
20 159
20 160
20 161
20 162
20 166
20 168
20 175
20 177
20 178
20 179
20 180
20 182
20 185
20 189
20 191
20 194
20 195
20 196
21 22
21 23
21 25
21 28
21 30
21 35
21 36
21 37
21 39
21 42
21 43
21 46
21 51
21 54
21 55
21 56
21 57
21 58
21 59
21 60
21 63
21 65
21 67
21 68
21 71
21 72
21 76
21 77
21 78
21 80
21 81
21 83
21 84
21 85
21 87
21 89
21 90
21 91
21 92
21 93
21 96
21 101
21 102
21 103
21 104
21 105
21 106
21 107
21 108
21 109
21 110
21 112
21 113
21 115
21 121
21 125
21 127
21 128
21 129
21 131
21 132
21 134
21 135
21 141
21 144
21 146
21 147
21 148
21 149
21 152
21 153
21 155
21 156
21 157
21 159
21 163
21 169
21 170
21 173
21 174
21 177
21 178
21 179
21 183
21 184
21 185
21 187
21 189
21 192
21 193
21 197
21 198
22 24
22 26
22 28
22 29
22 31
22 32
22 34
22 35
22 36
22 37
22 38
22 42
22 43
22 44
22 45
22 46
22 47
22 53
22 54
22 58
22 59
22 60
22 61
22 63
22 66
22 70
22 72
22 75
22 77
22 78
22 81
22 82
22 83
22 86
22 87
22 89
22 92
22 93
22 94
22 97
22 99
22 101
22 103
22 104
22 106
22 108
22 115
22 117
22 120
22 121
22 128
22 129
22 131
22 132
22 138
22 139
22 141
22 142
22 143
22 144
22 145
22 147
22 148
22 149
22 150
22 151
22 152
22 157
22 161
22 162
22 164
22 165
22 166
22 167
22 168
22 175
22 178
22 181
22 184
22 185
22 187
22 188
22 190
22 191
22 192
22 195
22 196
22 198
23 25
23 27
23 28
23 29
23 32
23 38
23 39
23 42
23 45
23 51
23 56
23 58
23 60
23 61
23 62
23 64
23 66
23 67
23 68
23 69
23 70
23 71
23 72
23 73
23 74
23 75
23 76
23 78
23 79
23 83
23 84
23 85
23 88
23 89
23 93
23 95
23 98
23 99
23 102
23 103
23 105
23 108
23 110
23 112
23 113
23 116
23 117
23 119
23 120
23 124
23 125
23 126
23 129
23 132
23 138
23 139
23 142
23 143
23 144
23 150
23 154
23 155
23 156
23 157
23 163
23 164
23 166
23 167
23 168
23 169
23 170
23 171
23 172
23 176
23 177
23 178
23 179
23 181
23 182
23 184
23 186
23 187
23 192
23 193
23 194
23 195
23 196
23 197
23 198
23 199
24 25
24 26
24 28
24 29
24 32
24 33
24 35
24 36
24 39
24 40
24 41
24 42
24 51
24 54
24 56
24 57
24 58
24 62
24 66
24 69
24 74
24 77
24 78
24 83
24 84
24 86
24 87
24 92
24 93
24 96
24 101
24 102
24 104
24 106
24 107
24 110
24 112
24 114
24 115
24 116
24 119
24 120
24 124
24 125
24 126
24 128
24 129
24 133
24 138
24 139
24 140
24 142
24 143
24 144
24 145
24 147
24 148
24 150
24 151
24 155
24 157
24 158
24 159
24 165
24 167
24 168
24 171
24 172
24 175
24 176
24 178
24 180
24 181
24 182
24 184
24 187
24 189
24 191
24 192
24 193
24 194
24 196
24 198
24 199
25 27
25 28
25 29
25 30
25 33
25 34
25 35
25 36
25 37
25 38
25 42
25 44
25 46
25 49
25 54
25 55
25 56
25 58
25 60
25 62
25 65
25 67
25 73
25 76
25 77
25 79
25 81
25 82
25 87
25 88
25 91
25 92
25 93
25 94
25 96
25 98
25 100
25 101
25 102
25 107
25 109
25 111
25 119
25 120
25 121
25 126
25 127
25 128
25 129
25 137
25 138
25 140
25 141
25 143
25 145
25 146
25 147
25 150
25 151
25 153
25 156
25 158
25 164
25 166
25 169
25 170
25 171
25 174
25 176
25 178
25 179
25 180
25 181
25 182
25 183
25 186
25 187
25 188
25 189
25 191
25 194
25 195
25 196
25 197
25 198
26 27
26 30
26 33
26 35
26 36
26 38
26 39
26 41
26 45
26 46
26 55
26 56
26 57
26 58
26 60
26 61
26 62
26 66
26 67
26 68
26 69
26 72
26 73
26 76
26 81
26 84
26 87
26 89
26 93
26 94
26 100
26 101
26 104
26 105
26 109
26 110
26 111
26 114
26 115
26 118
26 119
26 120
26 122
26 123
26 127
26 130
26 132
26 134
26 136
26 138
26 139
26 140
26 142
26 145
26 146
26 147
26 148
26 149
26 151
26 152
26 153
26 154
26 155
26 157
26 158
26 159
26 161
26 162
26 167
26 172
26 173
26 174
26 175
26 176
26 177
26 181
26 183
26 184
26 189
26 190
26 191
26 197
26 198
27 29
27 31
27 35
27 36
27 37
27 38
27 39
27 42
27 43
27 44
27 45
27 47
27 49
27 50
27 52
27 54
27 55
27 57
27 58
27 59
27 61
27 63
27 64
27 65
27 72
27 73
27 74
27 75
27 79
27 81
27 82
27 83
27 84
27 86
27 87
27 92
27 93
27 94
27 95
27 100
27 103
27 104
27 105
27 108
27 110
27 112
27 115
27 116
27 117
27 118
27 119
27 120
27 121
27 122
27 125
27 128
27 130
27 131
27 132
27 133
27 134
27 136
27 140
27 141
27 142
27 143
27 145
27 146
27 150
27 152
27 156
27 157
27 158
27 160
27 161
27 162
27 166
27 167
27 168
27 169
27 170
27 171
27 172
27 174
27 175
27 176
27 177
27 178
27 179
27 180
27 184
27 187
27 191
27 192
27 193
27 195
27 199
28 31
28 32
28 33
28 34
28 35
28 37
28 40
28 44
28 46
28 50
28 52
28 56
28 57
28 65
28 67
28 68
28 72
28 75
28 77
28 78
28 79
28 81
28 82
28 84
28 85
28 86
28 89
28 90
28 92
28 93
28 96
28 99
28 100
28 101
28 102
28 104
28 105
28 107
28 110
28 111
28 112
28 114
28 115
28 117
28 118
28 122
28 123
28 126
28 127
28 131
28 134
28 135
28 136
28 138
28 139
28 141
28 143
28 145
28 146
28 148
28 149
28 150
28 154
28 155
28 157
28 158
28 162
28 163
28 164
28 166
28 167
28 168
28 170
28 172
28 174
28 177
28 178
28 179
28 180
28 185
28 186
28 188
28 194
28 198
28 199
29 32
29 33
29 34
29 35
29 38
29 39
29 40
29 41
29 42
29 43
29 44
29 45
29 55
29 59
29 60
29 61
29 62
29 64
29 66
29 67
29 68
29 69
29 72
29 73
29 74
29 75
29 76
29 79
29 80
29 81
29 82
29 89
29 91
29 93
29 96
29 97
29 99
29 100
29 101
29 103
29 106
29 107
29 109
29 110
29 113
29 114
29 115
29 116
29 117
29 119
29 121
29 122
29 124
29 125
29 127
29 128
29 131
29 135
29 136
29 137
29 139
29 140
29 142
29 143
29 150
29 153
29 154
29 159
29 161
29 164
29 165
29 166
29 169
29 175
29 178
29 183
29 185
29 186
29 188
29 190
29 191
29 198
30 31
30 32
30 35
30 36
30 37
30 38
30 40
30 41
30 42
30 43
30 49
30 50
30 52
30 54
30 55
30 57
30 64
30 66
30 68
30 72
30 75
30 76
30 78
30 79
30 82
30 83
30 85
30 91
30 92
30 93
30 95
30 96
30 97
30 98
30 103
30 104
30 105
30 106
30 107
30 109
30 110
30 116
30 117
30 119
30 121
30 124
30 131
30 135
30 138
30 141
30 144
30 145
30 146
30 147
30 148
30 150
30 151
30 155
30 157
30 158
30 160
30 161
30 162
30 165
30 166
30 169
30 172
30 175
30 177
30 178
30 179
30 182
30 187
30 188
30 189
30 190
30 194
30 195
30 196
30 199
31 32
31 33
31 35
31 37
31 39
31 40
31 44
31 46
31 48
31 49
31 50
31 51
31 54
31 55
31 56
31 57
31 58
31 61
31 63
31 70
31 71
31 73
31 74
31 77
31 78
31 80
31 83
31 84
31 85
31 86
31 90
31 91
31 94
31 95
31 97
31 98
31 101
31 104
31 105
31 110
31 112
31 115
31 116
31 117
31 118
31 121
31 122
31 123
31 125
31 128
31 129
31 130
31 133
31 135
31 136
31 138
31 139
31 141
31 144
31 145
31 147
31 149
31 150
31 153
31 155
31 159
31 162
31 163
31 164
31 165
31 169
31 170
31 171
31 172
31 175
31 176
31 177
31 179
31 180
31 181
31 186
31 187
31 190
31 193
31 195
31 196
32 33
32 34
32 35
32 37
32 38
32 40
32 41
32 42
32 43
32 45
32 46
32 47
32 50
32 52
32 58
32 59
32 61
32 64
32 67
32 68
32 69
32 70
32 71
32 73
32 75
32 76
32 77
32 79
32 80
32 82
32 85
32 88
32 89
32 92
32 98
32 99
32 100
32 102
32 108
32 109
32 111
32 114
32 115
32 118
32 119
32 120
32 123
32 124
32 126
32 127
32 128
32 129
32 132
32 134
32 135
32 136
32 137
32 143
32 145
32 148
32 151
32 153
32 157
32 160
32 165
32 166
32 172
32 175
32 176
32 183
32 187
32 189
32 190
32 193
32 194
32 196
33 34
33 36
33 38
33 40
33 42
33 48
33 49
33 54
33 56
33 57
33 59
33 60
33 64
33 67
33 68
33 70
33 71
33 72
33 74
33 77
33 79
33 80
33 82
33 84
33 88
33 90
33 91
33 92
33 95
33 97
33 98
33 99
33 100
33 101
33 103
33 104
33 108
33 110
33 111
33 114
33 115
33 124
33 125
33 127
33 128
33 130
33 132
33 136
33 139
33 140
33 144
33 146
33 147
33 150
33 152
33 153
33 158
33 160
33 161
33 162
33 163
33 164
33 165
33 167
33 168
33 169
33 170
33 172
33 174
33 175
33 176
33 178
33 181
33 182
33 183
33 184
33 186
33 187
33 190
33 191
33 193
33 194
33 195
33 196
33 197
33 199
34 39
34 41
34 42
34 43
34 44
34 45
34 47
34 48
34 50
34 52
34 54
34 56
34 57
34 59
34 60
34 64
34 65
34 66
34 68
34 70
34 71
34 74
34 76
34 77
34 78
34 82
34 83
34 84
34 86
34 87
34 88
34 91
34 92
34 94
34 96
34 99
34 104
34 105
34 108
34 109
34 111
34 113
34 114
34 116
34 117
34 119
34 123
34 124
34 126
34 127
34 129
34 131
34 132
34 133
34 134
34 135
34 136
34 137
34 138
34 140
34 142
34 143
34 146
34 147
34 148
34 149
34 150
34 151
34 154
34 157
34 159
34 160
34 161
34 162
34 164
34 167
34 169
34 170
34 172
34 176
34 181
34 182
34 183
34 188
34 190
34 191
34 193
34 195
34 199
35 36
35 39
35 40
35 41
35 42
35 44
35 50
35 53
35 55
35 57
35 59
35 60
35 61
35 62
35 65
35 67
35 68
35 70
35 73
35 75
35 79
35 80
35 82
35 84
35 86
35 87
35 91
35 95
35 97
35 99
35 101
35 103
35 104
35 105
35 106
35 107
35 108
35 111
35 113
35 115
35 118
35 119
35 120
35 121
35 123
35 129
35 130
35 134
35 135
35 136
35 137
35 138
35 141
35 144
35 145
35 146
35 147
35 148
35 149
35 150
35 152
35 153
35 156
35 157
35 158
35 161
35 163
35 167
35 168
35 174
35 175
35 177
35 178
35 179
35 180
35 181
35 183
35 184
35 185
35 188
35 191
35 194
35 196
36 37
36 38
36 40
36 41
36 43
36 45
36 47
36 49
36 50
36 51
36 52
36 53
36 54
36 56
36 58
36 60
36 62
36 63
36 64
36 65
36 67
36 68
36 69
36 72
36 74
36 75
36 78
36 79
36 80
36 83
36 85
36 86
36 87
36 88
36 89
36 90
36 94
36 96
36 97
36 98
36 103
36 104
36 105
36 106
36 108
36 111
36 112
36 113
36 115
36 117
36 120
36 122
36 123
36 126
36 129
36 130
36 135
36 137
36 139
36 142
36 144
36 146
36 147
36 148
36 149
36 151
36 152
36 158
36 160
36 164
36 166
36 167
36 168
36 172
36 173
36 174
36 175
36 176
36 177
36 178
36 179
36 183
36 184
36 185
36 188
36 190
36 192
36 193
36 194
36 195
36 197
36 198
37 39
37 40
37 41
37 42
37 44
37 46
37 47
37 49
37 50
37 52
37 53
37 55
37 57
37 58
37 61
37 62
37 69
37 71
37 76
37 77
37 79
37 81
37 83
37 84
37 85
37 86
37 90
37 94
37 97
37 98
37 99
37 102
37 105
37 107
37 110
37 111
37 112
37 113
37 116
37 119
37 122
37 123
37 124
37 127
37 128
37 129
37 131
37 132
37 139
37 140
37 142
37 144
37 145
37 146
37 148
37 149
37 151
37 152
37 156
37 157
37 160
37 161
37 168
37 171
37 172
37 174
37 178
37 179
37 180
37 184
37 185
37 187
37 189
37 190
37 192
37 197
37 198
37 199
38 40
38 41
38 42
38 48
38 49
38 50
38 53
38 54
38 55
38 56
38 58
38 62
38 65
38 66
38 68
38 69
38 70
38 72
38 77
38 78
38 79
38 84
38 85
38 86
38 89
38 92
38 96
38 97
38 98
38 108
38 110
38 111
38 112
38 118
38 119
38 123
38 125
38 126
38 128
38 129
38 130
38 132
38 136
38 137
38 142
38 143
38 146
38 147
38 153
38 155
38 156
38 157
38 158
38 161
38 164
38 165
38 167
38 170
38 171
38 172
38 174
38 177
38 178
38 179
38 183
38 184
38 187
38 188
38 189
38 191
38 192
38 194
38 195
38 197
38 198
38 199
39 40
39 41
39 43
39 45
39 46
39 51
39 52
39 53
39 54
39 56
39 57
39 58
39 60
39 64
39 67
39 68
39 69
39 71
39 75
39 76
39 77
39 79
39 81
39 82
39 84
39 86
39 90
39 91
39 94
39 95
39 97
39 98
39 100
39 101
39 103
39 104
39 106
39 108
39 112
39 114
39 115
39 116
39 117
39 118
39 120
39 122
39 123
39 125
39 128
39 130
39 132
39 133
39 134
39 136
39 138
39 139
39 140
39 142
39 149
39 150
39 152
39 154
39 156
39 157
39 160
39 161
39 164
39 168
39 169
39 170
39 175
39 177
39 178
39 181
39 182
39 184
39 187
39 189
39 190
39 194
39 197
39 199
40 44
40 46
40 47
40 49
40 50
40 52
40 53
40 54
40 55
40 58
40 60
40 62
40 63
40 64
40 67
40 73
40 78
40 79
40 82
40 86
40 89
40 91
40 92
40 96
40 97
40 100
40 101
40 102
40 104
40 105
40 107
40 108
40 109
40 110
40 113
40 120
40 124
40 125
40 126
40 128
40 129
40 130
40 133
40 135
40 137
40 140
40 141
40 142
40 143
40 149
40 154
40 159
40 162
40 163
40 164
40 165
40 166
40 167
40 168
40 174
40 176
40 177
40 178
40 179
40 181
40 182
40 184
40 186
40 187
40 188
40 189
40 194
40 196
40 198
41 44
41 45
41 49
41 50
41 51
41 52
41 53
41 58
41 59
41 61
41 62
41 63
41 64
41 65
41 66
41 68
41 69
41 70
41 71
41 73
41 74
41 78
41 81
41 82
41 83
41 88
41 90
41 91
41 92
41 93
41 94
41 97
41 103
41 110
41 111
41 113
41 115
41 118
41 119
41 120
41 122
41 124
41 128
41 129
41 130
41 131
41 134
41 135
41 136
41 138
41 139
41 141
41 142
41 143
41 146
41 148
41 149
41 151
41 152
41 153
41 154
41 156
41 160
41 162
41 163
41 164
41 165
41 168
41 173
41 175
41 176
41 177
41 178
41 179
41 180
41 181
41 182
41 187
41 188
41 189
41 190
41 192
41 193
41 194
41 199
42 43
42 44
42 46
42 48
42 49
42 50
42 53
42 54
42 57
42 59
42 61
42 65
42 68
42 71
42 72
42 73
42 74
42 83
42 86
42 88
42 89
42 90
42 91
42 92
42 94
42 97
42 98
42 99
42 102
42 103
42 104
42 105
42 106
42 108
42 109
42 110
42 112
42 114
42 116
42 117
42 118
42 119
42 123
42 125
42 126
42 127
42 128
42 130
42 131
42 137
42 138
42 139
42 141
42 142
42 146
42 147
42 148
42 149
42 154
42 155
42 156
42 157
42 158
42 161
42 162
42 166
42 168
42 169
42 171
42 173
42 177
42 178
42 184
42 185
42 186
42 188
42 191
43 44
43 45
43 47
43 49
43 51
43 52
43 53
43 54
43 57
43 58
43 59
43 62
43 67
43 68
43 69
43 70
43 71
43 73
43 75
43 76
43 77
43 78
43 79
43 81
43 82
43 84
43 87
43 90
43 93
43 94
43 99
43 100
43 101
43 102
43 103
43 107
43 111
43 112
43 115
43 116
43 117
43 118
43 119
43 121
43 123
43 124
43 129
43 130
43 132
43 134
43 135
43 136
43 137
43 149
43 151
43 152
43 156
43 158
43 160
43 161
43 162
43 163
43 167
43 168
43 171
43 174
43 175
43 177
43 181
43 182
43 183
43 185
43 186
43 189
43 190
43 191
43 193
43 194
43 195
43 197
43 198
43 199
44 45
44 49
44 51
44 54
44 55
44 57
44 58
44 59
44 61
44 62
44 64
44 65
44 67
44 69
44 70
44 71
44 74
44 75
44 77
44 78
44 80
44 81
44 84
44 87
44 88
44 89
44 91
44 92
44 93
44 97
44 98
44 103
44 107
44 111
44 115
44 116
44 118
44 121
44 123
44 127
44 129
44 133
44 134
44 135
44 137
44 138
44 140
44 141
44 143
44 147
44 150
44 151
44 152
44 154
44 158
44 160
44 161
44 164
44 165
44 166
44 170
44 171
44 174
44 177
44 180
44 183
44 186
44 188
44 189
44 190
44 191
44 193
44 198
45 46
45 50
45 53
45 56
45 57
45 59
45 61
45 62
45 63
45 65
45 71
45 73
45 76
45 79
45 80
45 81
45 82
45 86
45 87
45 88
45 89
45 91
45 93
45 101
45 102
45 103
45 105
45 106
45 108
45 109
45 112
45 114
45 115
45 117
45 118
45 120
45 121
45 122
45 123
45 125
45 126
45 127
45 131
45 133
45 134
45 136
45 138
45 140
45 141
45 144
45 150
45 151
45 153
45 154
45 155
45 157
45 158
45 159
45 160
45 163
45 164
45 166
45 167
45 168
45 169
45 172
45 173
45 178
45 183
45 185
45 187
45 188
45 190
45 191
45 192
45 197
45 198
45 199
46 47
46 50
46 51
46 53
46 56
46 57
46 58
46 59
46 60
46 62
46 64
46 66
46 67
46 68
46 69
46 72
46 74
46 76
46 77
46 84
46 85
46 86
46 88
46 90
46 92
46 93
46 94
46 96
46 97
46 98
46 100
46 101
46 103
46 105
46 106
46 107
46 111
46 113
46 115
46 117
46 118
46 120
46 121
46 122
46 123
46 124
46 127
46 129
46 130
46 132
46 134
46 135
46 136
46 140
46 143
46 148
46 149
46 151
46 152
46 154
46 158
46 159
46 161
46 162
46 164
46 165
46 169
46 170
46 172
46 175
46 178
46 184
46 187
46 189
46 191
46 192
46 193
46 195
46 199
47 48
47 49
47 50
47 51
47 52
47 59
47 62
47 63
47 64
47 65
47 67
47 68
47 71
47 75
47 78
47 80
47 81
47 85
47 86
47 87
47 89
47 92
47 93
47 94
47 95
47 97
47 98
47 99
47 100
47 101
47 103
47 105
47 107
47 108
47 109
47 110
47 112
47 113
47 117
47 118
47 119
47 120
47 123
47 124
47 126
47 132
47 135
47 136
47 138
47 139
47 141
47 145
47 146
47 148
47 150
47 156
47 157
47 159
47 160
47 161
47 163
47 165
47 168
47 169
47 170
47 171
47 172
47 173
47 174
47 176
47 177
47 178
47 180
47 181
47 184
47 185
47 187
47 188
47 189
47 192
47 195
47 199
48 49
48 50
48 52
48 53
48 54
48 56
48 57
48 58
48 60
48 62
48 66
48 69
48 70
48 71
48 72
48 74
48 75
48 76
48 82
48 83
48 86
48 89
48 98
48 100
48 102
48 104
48 105
48 109
48 110
48 114
48 115
48 120
48 121
48 127
48 128
48 129
48 130
48 131
48 133
48 134
48 135
48 136
48 138
48 140
48 142
48 143
48 145
48 146
48 147
48 149
48 152
48 153
48 154
48 160
48 164
48 165
48 166
48 167
48 168
48 170
48 172
48 173
48 175
48 177
48 178
48 183
48 184
48 186
48 187
48 189
48 191
48 193
48 198
48 199
49 76
50 55
56 125
60 181
63 80
64 67
67 191
72 118
75 78
76 136
80 103
84 169
91 167
92 191
98 101
98 118
108 133
109 166
117 140
121 135
124 165
127 136
130 142
146 166
152 191
153 195
169 198
171 185
